Computational data generated during calculation of the sudoku in the scanned image appears here


Raw Predicted Values:
[[8 6 6 6 1 5 5 5 9]
 [5 5 5 8 5 7 5 1 5]
 [5 5 4 5 9 5 7 5 5]
 [5 6 5 7 5 1 5 2 5]
 [5 5 8 5 6 5 1 5 7]
 [5 1 5 5 5 2 5 9 5]
 [5 5 7 5 4 5 6 5 5]
 [5 8 5 3 5 9 5 4 5]
 [3 5 5 5 5 5 5 5 3]]


Probability of predicted values:
[[1.   1.   1.   1.   1.   0.98 1.   0.99 1.  ]
 [0.99 1.   0.99 1.   0.99 1.   0.99 1.   0.99]
 [0.99 0.99 1.   0.99 1.   0.99 1.   0.99 0.99]
 [0.99 1.   0.99 1.   0.99 1.   0.99 1.   0.99]
 [1.   0.99 1.   0.99 1.   0.99 1.   0.99 0.99]
 [0.99 0.95 0.99 1.   0.99 1.   0.99 1.   0.99]
 [0.99 0.99 1.   0.99 1.   0.99 1.   0.99 0.99]
 [0.99 1.   0.99 1.   0.99 1.   0.99 1.   0.99]
 [1.   0.99 0.99 0.99 1.   0.99 0.99 0.99 0.96]]


Number of enlightned pixels in each box of image:
[[203  56  56  56 108  28  16   0 107]
 [  0 143   0 157   0  84   0  51   0]
 [  0   0 103   0 134   0  78   0   0]
 [  0 144   0  89   0  70   0 111   0]
 [131   0 146   0 135   0  57   0  78]
 [  0  76   0 136   0 120   0 130   0]
 [  0   0  89   0 118   0 130   0   0]
 [  0 141   0 116   0 143   0 110   0]
 [120   0   0   0 129   0   0   0 121]]


Final solutions:
[[8 7 2 4 1 3 5 6 9]
 [9 5 6 8 2 7 3 1 4]
 [1 3 4 6 9 5 7 8 2]
 [4 6 9 7 3 1 8 2 5]
 [5 2 8 9 6 4 1 3 7]
 [7 1 3 5 8 2 4 9 6]
 [2 9 7 1 4 8 6 5 3]
 [6 8 5 3 7 9 2 4 1]
 [3 4 1 2 5 6 9 7 8]]
